-122 000001101110
-95 01000010
-94 01011001
-93 0110101
-92 100011100
-91 110000000
-90 01000011
-89 100011101
-88 10001111
-87 00111100
-86 01011110
-85 110110010
-84 0001011
-83 101110000
-82 110000101
-81 110000110
-80 1000001
-79 000110
-78 1001010
-77 1100100
-76 1110110
-75 110001
-74 1110111
-73 000010
-72 1101101
-71 000011
-70 1000011
-69 1110010
-68 1011111
-67 001101
-66 0111111
-65 0111100
-64 1000100
-63 1001000
-62 001100
-61 1011101
-60 010001
-59 0110000
-58 0111001
-57 1101010
-56 1001100
-55 1000000
-54 010100
-53 1000101
-52 0101110
-51 1001011
-50 1001111
-49 1011000
-48 1110011
-47 0110001
-46 1100111
-45 000100
-44 1011110
-43 0110111
-42 010101
-41 001010
-40 00000001
-39 110110011
-38 0001010
-37 011111001
-36 00111101
-35 00000111
-34 100100111
-33 110101110
-32 11001010
-31 110011000
-30 00011111
-29 11011111
-28 00101110
-27 100110100
-26 01001000
-25 110101111
-24 110000111
-23 00100100
-22 101110001
-21 10011101
-20 110000001
-19 00100101
-18 01001001
-17 110111100
-16 110110000
-15 110000100
-14 0000001
-13 01110001
-12 111010101
-11 110110001
-10 0000010
-9 01110100
-8 110111101
-7 00101111
-6 00111110
-5 10001100
-4 10111001
-3 01011111
-2 11010110
1 000001101111
3 100110101000
4 100110101001
5 100110101010
6 100110101011
7 100110101100
8 100110101101
9 101101
10 111000
11 100110101110
12 100110101111
14 100110110000
15 100110110001
16 100110110010
17 100110110011
18 100110110100
19 100110110101
20 100110110110
21 100110110111
22 100110111000
23 100110111001
28 100110111010
29 100110111011
30 100110111100
31 100110111101
32 1010
33 0101100001
34 01110101
35 01011000101
36 100110111110
37 0010011100
38 0011111100
39 010000010
40 11010010
41 11010011
42 00100110
43 011111011
44 01001101
45 01101000
46 01001100
47 1101110
48 1111
49 01001110
50 01000000
51 0011111101
52 0011111110
53 011111010
54 110011001
55 10001101
56 1000010
57 011001
58 0010011101
59 0111101
60 111010100
61 11000001
62 1100110110
63 00000110010
64 100110111111
65 01111100011
66 0011111111
67 1100110111
68 00000110011
69 0101100011
70 10010011010
71 100111000000
72 0111110000
73 10010011000
74 100111000001
75 100111000010
76 10010011011
77 00000110100
78 011011001
79 01011000000
80 100111000011
81 01111100010
82 100111000100
83 00000110101
84 010000011
85 00000110110
86 100111000101
87 100111000110
88 100111000111
89 100111001000
90 100111001001
91 00011101
92 01011000001
93 00011110
94 100111001010
95 100111001011
96 100111001100
97 11001011
98 001001111
99 1011001
100 0111011
101 001000
102 11101011
103 000000000
104 0010110
105 1110100
106 000111000
107 10010011001
108 10010010
109 110011010
110 1101000
111 0101101
112 01101001
113 100111001101
114 0100101
115 01101101
116 001110
117 01001111
118 0000011000
119 000000001
120 000111001
121 011011000
122 100111001110
123 011100000
124 100111001111
125 011100001
126 01011000100
